18 
0 3 1 1 999 999 999 999 999 999 999 999 999 999 999 999 999 999
3 0 1 999 1 999 999 999 999 4 999 999 999 999 999 999 999 999
1 1 0 1 2 1 999 999 999 999 999 999 999 999 999 999 999 999
1 999 1 0 999 2 2 1 999 999 999 999 999 999 999 999 999 999
999 1 2 999 0 1 999 999 999 1 999 999 999 999 999 999 999 999
999 999 1 2 1 0 1 999 999 3 1 999 3 999 999 999 999 999
999 999 999 2 999 1 0 1 2 999 999 999 2 4 3 999 999 999
999 999 999 1 999 999 1 0 1 999 999 999 999 999 999 999 999 999
999 999 999 999 999 999 2 1 0 999 999 999 999 999 1 3 999 999
999 4 999 999 1 3 999 999 999 0 1 1 999 999 999 999 999 999
999 999 999 999 999 1 999 999 999 1 0 1 2 999 999 999 999 999
999 999 999 999 999 999 999 999 999 1 1 0 999 999 999 999 1 999
999 999 999 999 999 3 2 999 999 999 2 999 0 2 999 999 1 999
999 999 999 999 999 999 4 999 999 999 999 999 2 0 1 2 2 1
999 999 999 999 999 999 3 999 1 999 999 999 999 1 0 1 999 999
999 999 999 999 999 999 999 999 3 999 999 999 999 2 1 0 999 4
999 999 999 999 999 999 999 999 999 999 999 1 1 2 999 999 0 1
999 999 999 999 999 999 999 999 999 999 999 999 999 1 999 4 1 0
